3,2
3,1
3,3
10,308
10,116
10,212
10,32
10,126
10,178
11,21
11,13
11,29
11,6
8,10
8,4
8,13
8,16
8,12
8,2
8,3
348,6
348,5
348,4
348,3
348,2
348,1
348,0
343,4
343,3
343,2
343,1
343,0
341,5
341,4
341,3
341,2
341,1
341,0
340,11
340,10
340,9
340,8
340,7
340,6
340,5
340,4
340,3
340,2
340,1
340,0
336,4
336,3
336,2
336,1
336,0
32,3
32,1
20,3
20,2
20,1
19,3
19,2
19,1
12,3
12,2
12,1
11,30
11,28
11,27
11,26
11,25
11,24
11,19
11,17
11,16
11,14
11,10
11,7
11,5
11,4
11,3
11,2
11,1
18,1
10,307
10,306
18,3
10,302
10,241
10,221
14,1
10,216
10,207
14,3
13,1
10,196
13,3
10,195
10,145
10,142
10,137
10,91
10,80
10,16
10,6
10,3
10,2
10,1
9,7
9,6
9,5
9,4
9,3
9,2
9,1
8,17
